71695
312
37277
169
93240
577
77721
90455
83
76
931396
3838
123426
9429
3492
296086
9256
70783
2313
4557
602
200
34281
52656
6197
91865
6776
462444
68957
7792
12220
574588
6885
931831
1723
61166
454
68882
8896
47538
77200
5514
826
16368
33594
21862
3143
77643
6447
296
7685
1633
33993
19215
410226
567
77024
15246
160240
492
294103
984
51240
925
185
748827
769579
68578
846591
5835
7599
73676
236166
54744
1961
8980
519683
6534
979
25878
59387
1937
9183
519512
856045
263151
6625
8791
238595
943
1225
917
795
85412
8058
609749
2759
237102
222682
198271
31813
249480
764072
45864
228
44416
950
481084
444
858
12416
86764
70952
6832
95675
119
192607
9214
507
12460
380
4340
218
4265
4352
7053
15337
167
354432
6841
7870
11848
1012
966456
937
673271
259
885
940973
92705
197
26061
46953
87679
1675
795438
6115
572323
447
293012
35068
8698
888425
1713
321948
813346
919394
25510
4404
781319
10255
96638
697699
7037
8557
3611
942974
14479
6573
439
427294
9856
562
26933
6022
9308
97329
562015
12843
271795
2533
69467
2702
865
24098
1717
5341
728
47264
29783
42
949
17325
442493
376213
848
3901
428
768
347787
193892
226225
66432
43209
714224
200365
45684
41268
817870
130575
2697
82865
628
10074
4958
94696
7199
9837
63895
60453
8249
1240
6602
6235
22722
636
6316
37449
413689
7559
91590
116223
87953
57840
1435
7814
6434
31
950215
82634
524
733073
4794
2688
32952
12060
102711
559547
452479
885183
973
584
630
763586
1324
9471
593
42898
291
766
9743
765347
8295
2197
126516
357365
3531
177146
583
387135
4480
9658
7483
198
995
86512
7653
5368
2187
618
55331
661
828187
14035
186
13468
8569
464
19242
79345
69299
92539
6071
92359
176198
877
282962
4727
3944
5770
3996
990
56908
130
78222
836
242
36091
3160
14872
871
2335
34157
592
357466
3598
6049
833097
16870
104890
62353
246634
6531
6344
44363
305334
5095
3397
199
835
77063
295851
820291
791695
121
4582
42496
772664
5361
542
395
266699
31509
852046
695100
39560
21375
9044
72
763633
4729
816
948966
40016
3805
506
1926
367515
1657
722
644623
94367
145
8904
1567
4297
237
697394
56101
85601
252
76964
5817
65103
8773
388
5057
861188
8981
803606
75602
416132
6930
273569
45001
639
649126
82578
8081
15045
74061
5318
59912
21249
5617
8730
7554
6093
57813
99393
666
365829
2431
5924
49546
13243
87982
273138
978472
211
22952
5180
787236
714286
290242
3527
10251
26144
43432
511140
62432
942990
5346
828
631613
516017
468
298633
851
239
126
80435
3134
632096
688359
12768
5767
213845
82162
1428
71277
8043
34177
86711
277900
1376
16272
860040
144068
26033
756
924751
3616
7618
86289
1345
589222
663216
56875
723
1395
294281
7860
1377
886
81263
263
9614
1503
8927
2754
243
12505
995237
178
4163
33579
9857
55159
6998
149122
4454
84360
85502
2590
641439
160304
413870
9500
267
5882
1013
40580
726892
595
40482
44
873
1683
9974
61734
1197
5805
900
807
335991
60139
776669
96042
777961
289093
9086
2205
5574
19965
872091
78390
37378
222163
8464
4048
3564
912927
9545
315672
6042
903
426
5504
735
318577
602642
13863
95
67722
737577
59215
362
19021
487
589
80
457559
710343
2611
241
57111
717700
9615
7555
23494
25803
474
15795
400503
495340
38317
77305
225
4527
201
183
429734
598
1422
8504
675873
29150
97156
620925
684
495418
2430
184675
6034
86637
3159
5556
77888
17346
9017
38
251
27583
427
711913
799286
7855
566
264242
11259
318
201599
714
943002
84631
19026
607143
3231
823716
144
546523
4170
425207
35546
511
292
14016
4831
706789
6826
878
414
457
51045
184
91013
4187
2616
7749
286824
1284
822667
5162
97603
278
79195
941947
35700
981483
219276
87826
63986
10525
3356
321
31590
63501
25431
969
4934
9080
62785
95370
938
50030
6330
33743
86744
6368
855866
137
822637
67100
1827
561722
50767
518067
308449
50821
34992
8610
182549
393
418
9297
67614
34026
619120
73121
7148
852
8987
277
91227
22449
51615
647
8137
556030
572
342190
4168
45
31479
13740
922
878011
463
29632
893
6190
646895
4825
73642
139
49678
11646
257978
766253
604
32929
8134
7491
98716
53120
32836
721569
511362
955
341687
89399
6388
64297
50622
4855
581970
6956
5868
650985
274
164453
66543
679
4155
9193
107
62968
12567
6191
75572
547345
84062
9338
670
106567
98
174896
596
900109
5207
8484
87274
226
276
11844
402
75089
5866
601236
20763
989
5763
98301
77
40509
83404
868
85247
2135
977
265
6398
803
695505
625
98876
75383
8033
89795
561047
70275
8813
29
47561
14495
4601
4271
1079
9501
399
47491
41665
12762
419559
61266
610
2606
273471
658852
12847
15492
636840
41127
33644
9111
5375
4349
2967
281
37840
17892
8238
262564
389995
83370
45383
1269
520
35031
657741
57
35389
5285
9052
44890
29184
172600
72750
6110
541
23473
796992
24956
235
6013
605
54599
17362
480240
12546
492300
34619
5250
8483
16938
21277
2299
322
2717
158
13992
81
59794
2679
224900
767
45922
475
7529
457666
82442
172051
5366
81171
6121
243304
7
56631
59645
423
68770
46864
3945
322588
808413
341285
514
356
733
8820
378
37668
4983
436899
61581
49855
875356
4162
845
8358
40127
54384
967
904932
1461
8375
29215
7893
8153
3363
782782
998
909
2493
531
440239
329008
655888
714995
467
88126
26418
89958
118306
740804
69561
2122
525
952610
77136
23382
983
85
46145
12600
25474
5818
8278
286
2819
726582
78197
550
7975
6532
7482
121015
795959
757250
9334
5202
83050
369339
36563
493519
994727
78975
25191
312013
2108
14113
472
300435
64670
433
5072
34668
659
66477
71199
724611
5727
376
908334
76952
42917
854998
392
5264
5615
157566
68607
7569
9030
5561
615
581
21753
6489
879
14863
92461
5064
98511
38346
41129
56637
3450
8207
827529
32711
65622
4889
67392
7503
829
6679
15717
6433
27082
453870
115298
51759
79042
830
672
925158
1747
70062
42694
5745
946
72425
818545
65435
414413
4104
791107
32284
5638
33613
6164
381994
772
32
368
396
53495
792
1381
87380
817664
108956
57276
655365
74467
3656
3626
3664
66598
85983
710146
49968
895450
8606
9278
70
40797
84401
508531
332
6880
4371
1151
52042
69964
5778
2683
528
43537
766897
20318
51163
565451
226681
94091
717481
7036
93210
33655
15336
87772
82085
981
517069
389382
43917
1654
332018
240999
811
541798
584670
2705
53422
219
148322
692
183133
5084
685
43498
688
582
3428
869
753
97101
10426
19178
36
912149
9345
2040
4042
1052
24643
163907
8596
5573
146
81107
1661
341
3879
57088
2470
627486
24768
119863
971125
80613
95856
95329
47992
9056
483
6671
76769
1109
61698
189
160
282919
10575
393763
2581
53992
48672
318313
163
63
196
828990
552892
2751
24306
921
30914
719
79112
495880
302
882
6176
543
168061
919
132
99
153729
38625
551958
951
451
5136
23312
227
1037
319
2669
694
162
368236
19845
641713
4681
66231
947
1993
975
929
435
58857
21991
599095
56295
1588
71034
73913
911183
98827
742
571918
731
489965
3179
6650
3106
19972
316694
375
9789
94992
462
2731
99611
46572
85459
32518
430
56056
8289
413
771
57881
13423
3568
681689
42397
351
13950
339
469890
325264
258
533694
53500
590243
94198
909436
587691
616
287
85818
815
57203
565455
635285
128
255
918495
44676
28476
9022
358
139913
288
3018
488924
150980
44755
2090
12360
824
1966
43621
13417
741612
501037
64816
325
558
48067
96804
904
23410
238241
46756
138185
71813
71608
212
701
1303
180
568240
39101
176540
588718
66112
243466
5642
310567
9928
8618
41869
9051
295767
5708
6707
127
1969
7179
40040
59448
833
658
4853
530452
89368
67950
8532
72663
10036
5575
935
61889
283
680
11676
936
53865
531229
151
6888
59063
228690
137699
330
880
7813
4793
85284
252573
95455
36580
773409
94135
169063
66469
6345
1571
23265
117
18270
410
972
98080
7853
47363
418533
350947
33040
843257
43736
23779
894
967362
230450
633894
5740
611431
708839
33
977835
444563
9420
944932
933
870064
5214
740
5321
385385
440
956
456
89641
2042
4083
923423
129888
3312
427272
403553
7154
54608
8085
13545
46494
36236
92
860648
62273
716065
51
4544
19704
22958
46793
15003
883
456597
9887
579
25105
67149
9870
704
63810
89934
19186
7245
488
1426
3784
4463
771345
4631
722226
633
49776
87675
836886
6996
1401
580401
75987
4440
21586
76419
458
8545
447134
499
2521
78386
737546
31786
115
294285
5685
911020
861722
502
4220
368253
18225
11052
95589
88416
593353
98941
11880
718
69984
383
96
7216
862
59855
496095
260910
10178
943049
308
853908
3554
22913
22274
985
245342
26
39658
6962
23533
908202
2565
563
214103
493228
1979
3770
1027
785356
568337
63925
655535
7242
20261
987883
329
91563
3836
38853
621
76444
141
8181
40
510
957
5810
591
9285
41517
471
980
579924
8302
33747
493
7444
246
5248
2425
587
68800
546648
351125
3051
97
7798
44298
567318
4692
7635
326
55959
14350
51222
12798
17482
155
735313
48150
4688
43266
533504
12006
39420
2738
3815
4998
982393
2261
35221
69418
12339
9775
58252
31458
42387
109526
191
7566
1928
7881
526736
751
161
80989
6476
40849
515
97879
6639
397
989127
7586
520868
20927
721234
6160
386931
17526
3908
754895
783
826948
98094
72396
61185
22407
68518
213983
432
5712
80873
609975
253
216
38497
489308
8506
223857
47407
124761
98786
226568
28935
2327
2106
638203
81176
6314
38407
28800
96444
504
581983
17941
7578
780
56811
5045
6048
2926
8687
38377
693
81446
3593
930889
335729
183429
68285
7959
47242
196746
24641
533
24
138
635
904188
654
2728
9739
294
34729
87937
320
914
582237
874510
82
479
235506
429
1
47812
5729
351609
442220
85695
9871
966
1072
987025
841
484380
31900
257
861868
974314
60473
77354
5579
212173
2893
15435
3466
33268
20748
174771
361942
60728
407
608
924
7345
8604
1206
885858
15975
1917
164
1411
41476
619
39709
380218
448
68929
3727
843
6739
51046
7363
183548
7931
37845
91742
956503
83059
988
731023
760779
902287
67245
691
404
21724
16996
503513
4615
641
381
2202
32937
1367
149618
9209
85366
279
157
3043
5383
4828
962628
8419
648
761
2619
15389
762
6232
182650
601
609371
114496
2166
85644
39784
7654
215320
8525
746
795348
726
58957
844
813
501
446
11629
915700
75729
39443
6064
13764
512063
817
259278
2275
687670
93907
1120
54
834675
734
791170
498
645635
233
73887
539
350574
30953
83980
46037
2674
71806
85684
85260
334
59232
4927
53935
176361
36855
714723
496
3640
89421
9359
5233
1942
7233
385165
271326
19124
787
1738
465982
83331
213
2848
5070
6000
270
477089
95060
123
49896
176
913270
849
81740
81065
28858
15624
25375
3910
2522
21870
391291
182
269
12955
71206
926212
4648
1255
804151
71137
906
3288
71901
45786
793
71510
310169
168788
9365
708081
710242
16054
46089
12595
629
661306
108210
10853
729
9267
317
299
7877
902896
491
17428
889
791
592577
9333
16593
370
47134
3798
27796
737
9019
4021
1964
42967
988125
8622
65728
734471
451593
910362
54513
69960
78676
754
7222
34646
364345
749
44195
7730
842899
353
7480
86911
646
411360
365
7035
38833
98513
7519
794397
6553
53769
150
48622
898777
9846
50600
17437
9613
6798
580
523
8459
7697
7522
37465
744
10521
673322
6159
865578
1492
85108
12964
434
47725
745
895622
3522
39188
5715
1061
88
840
7805
48348
44917
55903
196112
928213
373
7392
44377
758532
4804
5517
594628
38277
851211
597
1710
122
50365
620
716653
1260
53235
360718
655637
5894
300
71
264328
292251
9040
6687
33696
182972
72012
15030
