0011110001111100111111101111111010001111000111100001111100011111
0000111100011111000111110001111100000111000011110000111100000010
1111111011111111110000110000001100001111000011110000111100001111
1111111110011111100011111100111111111111111111110001111100010111
0001111100111111001111100011111101111000000011110000011100000000
1111111111111111111111100001110100011111001101110011111100111000
0001100001111000111110001111100011111000111000001111000001110000
0000010000011111000111110101111111111010111011101110011111111100
1111111111110011111111101111010011110000111100001100000000000000
1111000011110000111110001111100011101000111010000110000000000000
0001110000010000011100001100010011111100011111001111100011111000
1111000011110000111000001111000001011110000000100000001100000011
1111100011111010111110101111011011111110111111101111110011111000
0001111100011111001111111111111111111111111111111001111100111100
1111100011111100111111001111110001111110110110001111110011111000
0011111101111111110111110001011000110111000111110000011000000110
1111110010111100100111110000001100000001000000010000000100001111
0111111001111010111111101111110011111100111111001111111101111110
0001111100111111000111110000011000001111000011110110111111111111
0111100011111100111111001111010011110100110011001011100011111000
1111000011100010111111111111111111111110111110111111000111110000
1110000011111000111110001111100010110001000100110001111100011000
0000010100011111001111111011111111111111111101101110011000000110
0000000100000111000011111010011011101111111111111111111111111110
1111111111111111011111110111111011111000111110001111000011111000
1111111111111111111111111111111111111111111100110010011100000000
0111100011111100111111011111111100110111000111110000111100000111
1111101111111111111111111111100111011100001100001110000000000000
0010111100111111001111000000011000000110000001100000011000000111
1111111011111000111111001111110000011110000000110001111100001101
1111100011111100111110001111100001111000111100001100000011000000
1111111111111111111111110111111100111111000111110001111100000011
1111111111111111111111111111111100011111000000000000000000000000
0000000100100111111111111111111111111111011111110101111101111101
0000011000011111000011110000111111010111111111111111001111100000
0001100000011000010010001111110011111110111111100111110000111000
1111100011111000111110001101100001111100001111000110110011101000
1111000011111000111110001111100111110011111111111011011111111111
0000111100001101000011010000110100001101000101110001111100010011
0111110011111100111111001111100011110000000000000000000000000000
0000000011110000101000001111000011110000111110001111100011110000
0101000001111011111111111111111111111100111110001110000011110000
0011110011111100011111000111100000001000000011110000000000000000
0000111100001111000011110000011111111111110111111111111111111111
0010000011100001111000011101111111111111111111111111110001110000
1111111111101111111111111111111101111111000111110111111100000000
0111111100111111111111111101111100001111000000000000000000000000
1111110011111100111100001111100011100000110000000000000000000000
0000000000000000000000000000000001100110111101110111111101111111
1111000011110000111110001111100011111100111111101111111101111111
0011111111101110111111101000000011000000111110000111111001111111
0000000011000000110000001111100011111000111111101111111011111111
0000000000000000000000000000001101111111011111110111111100001111
1111111111111111111111111111111111100011111000010110001111100000
0100011111111111111111111111111111111111111110110011000000000000
1111100011111000111100001111100011111000111110001111000011111000
1111110011111100111011101100101000001111000000000000000000000000
1000000011111111111110111111101111111111110011101100010000000100
1101100011111000111111101111111111100111111000111110001110000000
0000001100000011000011110000111100001111000111110000111100011110
0000000001100000011100111111111111101111000001110001111100001111
0000111000001111000011110111111111111111111111111111111111111111
1111000011111000111110001100100011100000111000001100000000000000
0000011100001111000111110111111111111111111111111111111000111100
0000000000000000000011000000110001001101011111110111111101011000
1000000011100000111111111111111111111111111111101111111111111100
1111100011111100111011001110111011111011111000111111000011000000
0000000100011011000111110001111100001111000011000001100000011000
1111110011111110101110001001000011100000111100000000000000000000
1111111111111111111111111111110111111001000000000000000000000000
0000000000000000000010000001110000111110001110110011111100011111
0001100000001000000010110001111100011111000111110001111100000011
1111111111111111111111101111011111100000111100001111100011110000
0000011100000011000000110000011100000111111100111100111111111111
0001110010111100111111001111110011111100001110000011110000111100
1111111111111110011111100011111111111111111100001111000011110000
1111111111111111111111001111110011111100111110000111100000111000
1111111111111111111111111111111111000111000000110000111100000011
0001100000011000000110000001110000010110000101110001111100011110
0111110001111110111111111111100101111100000000000000000000000000
1111100011111110111111101111111011111100111101001111111100000000
0000011000111111000011110001111100011111000111000000000000000000
0000010000000100011101001111010011111111111111111111111100111111
1111100011111100111111001111100001111000001111100001111000000111
1000000011000000011110001111000011111100111111101111110011111111
0000000000000000001100100011111000001111001011110011111100001100
1110100011111100111111001100111111001111111011111111111111111101
1111111111111111111111111111111101110010111100110001001100000111
0011000000011000000011100100001111000111111101101110011011111110
0000001100000011011110111111111111111111110111111011111111111111
0000000000000111000111110111111101111111011111110111111101111111
0001011001111111111111111011111011111100111111101111010011111111
1111111111011111111111111111110000110000011000000110000001000000
1111111011111110110111110001111100001111000001110000011100000000
1111111001111111011110110011111011111000111111111111011111000011
0011111100111111011111110110011100000111000111100001110000111100
0011111111011111111111110111111101110110001000000000000000000000
0000000010000000100000001111000011110000111101001111110011110110
0000000000010000001111000001110001011100011111001111100011110000
1111110011111100111111001111100010111100001111000111100000110000
0000000011100000111111000111110011111110111111101111111011111111
1101111111111111111111111111111111111111110111110001011000010000
0001111100111111000111110001111100011100000110000001100000110000
1110000011000000111000001110001111110011111101111111111100111111
0000000000001110000001101101111110111011101111111111111111111111
0000010010000111111011110111111111111111111011000111000001000000
0000000000000000000000000111100001011111011111111110111111000111
1111100011111000111111111111101111100000111100001111100011111000
0000000011100000111001100110111011111110111111001001110000011000
0000000000100000001000000010111100101111111111110100011000000011
1111111111111111111111110110000010111000111111001111100010111000
0000011100000111001111110011111101111111001101000000000000000000
0000111100011111001111110011111100111111011111100101111100011111
0001000001110000001111110011111101111110011111000111010000010000
0000111100011111000111100001111100011100001101001111110011110000
1111111111111111111111111110000011000000110000001111000000000000
1111111111111111111111111111111111111110111111001101100001000000
0011111100011111011111111111111111111111111110000111100001000000
0111100001111000011101000011110011111100111111001100000000000000
0110001111110010111111111111100011100000111100001111111111111111
0000011100001111000111110011111100111111001111110011111100000111
1101111111001111101011001111111111111111111111111111111000110000
0000111000001111000001110001001111010111111111111111111101111111
0000000001001100110111001011110111111111011111110011111100111111
0000000000000000001000111111111111111110011111111111111100111111
0111111101111111001111100000111000000011000000000000000000000000
0110111010101110111011111101111111111011111110110010101100111111
0001111100111111011001110000011100011111000111110001111100011111
0111000000111000111110001111100011111000111110001110010011111100
1111110011111111111111100111100011111000111110100111111011111111
1111111000111111001111110111000001100000001010000111100011110000
1111000011110100111111001111111011011000000010000000000000000000
0000000011000000110001111111010111111111111111101111111111111111
1111000011110000111111101111111011111111111111111111110100000111
0000011000011110000111101001111011110000111100001110110011111100
0000111100001101001111010111111101111111011111110011111100011111
0011101100011111000111110111111101111111111101111000111101111111
0000000000000000000000001110000001111111111100111111011101110000
0000000000000000000000101111111111111111011111111111111101100111
0000101100001111000011110000111100000111000000110000011100001111
1111100011111000111111001111111011111111011111100011110000101100
0011111100111111111111110111100000011000000111110001101100011101
0111111100111111001111110111111101111111000000010000101100001111
0111111101001111000011110000111000011111000111110001100100000000
0111111111111110111111001111011000111100000000000000000000000000
1111111111111111001111110001111100111111001111110001111100011110
1110000011100000111000001111000011110000111100001110000000000000
1101110011111111111101111111001111111010001111100011100000111000
1111110011111100110111000111111000111110000011000001100000001000
1111111110111111111111110111111101111101000011110000111000001110
0011111101111111110111111100000011000000100000000000000000000000
0000011100011111000111110001111100011111000011110001111100001111
1111100001111000011110010111111100010110000100000001000000000000
0000000000000101000001110001111100011111000011110000111100001110
0011000001111000011110000111100111111111111110111111101111111001
0000000000000000110110011111111111111111111111111111111111111111
1111111111111111111111111111111111111100111011101000000010000000
0111100001111111111110110111111100111111001111110001111100000000
1111111111111111111101111110111110100010000000000000000000000000
0111111101111111111111111110111101101111000011000001111000011110
0000000000000000000000000000110011101100111011111110111100111110
0011111111111111011111111101101111110001001111110011111100011110
0001100000111000001110001111111111101111111111111111111111111100
1111111111111111111111111101111101011111011111110000111100000110
1110111011111000111100001111000011110000111110001111111111111111
1111111111111111111111110010100000001000000000000000000000000000
1100000011000011111111111111100111111111111111111111110011111000
0001111100011111000111100001111110011111111111111111110111001000
1000000011110000111111111111111111111111111111111111000000110000
1110000011100000111111000110110001101100000110000001111000011110
0000001100000011000000110100001101100011001000110011111100001111
0000000001110001010111110111111111111111100111110000111100001111
0000000000000001000000110000000111000001111110011110111101111100
0011111000011110000111100001111001111111011111000100000000000000
0000111100011111001111110011111101111111001111100000000000000000
0000100100011001001111110011111100111111001111110001111100011111
0011101100111111011111110001111101110110110000000000000000000000
1000000011000000111111001111110011111111111111111111111111101111
0000110000111110001111111110111111111110111101101111110011111110
1101101111111111111111111111111101111111111111110100001100000011
0111111101111111001111100111111000111100000111000111000001111000
0011111001111111111101111111111111011111110111110000111100001111
0111111111111111111111111111111000011110001111110010011100000000
0000000000011000001111000111010001111100000111000011110001111100
1110000111111111111111111111111111111111011110110000001100000000
0111100011011111110001111101110010011000101110000011100000000000
0000000010000000111100001111110011111101111111111111111111111111
0000000000000000011111110111111101111111111011111111111111111110
1111111110111111000011110011111100011111000111110001111100000011
0111000001111000111100001111101101011111000011000000000000000000
1111111111111111111001111100001100000001000011110001111100011110
1100000011110000111111001111000011110000111111101001111000011111
0111111001111100111111000111111100111111000111110011111100111110
0011100001101100010011110100011111111111110101111111111101111111
1111111111111111111111111111100011111000111110000011110001111100
0011111100111101000111100001011100010111111111011111110111111111
0000000000000000001110000111011001100110111111101111111011111110
1111000011110000111110001111000011110000111110000111110001111100
0011111111111110111111111111111111111111111011111000010100000011
0111100011111110110111100000111100111010011011110111111111111111
1100000011110000011111100000001100000011001000110111111111110011
0000111101111111011001110111111101111100011111100111111001111100
1000011111011111111111111111111111000111011100000011100000000000
1111111111111111111111111111111100011111000111000000100000001000
0000011100011111000011110000111100001011110000111000001111111111
0011111111111111111111111111011110111110100110111111000111000000
0000000000010000000111110001110101111101111111001111111011000000
1011111111111101111111111111110101111111000011100000000000000000
1111101111111011011111111111111111111111111000111110000000100000
0000001100000111000001110000001101100110001111000111000001110000
0100011101111011001110110011111100111111001111111111111111111110
1111111111100011111000111111000101100011110000001000000000000000
0000001100000011000011110000111100001111000011110000111100000011
1110000011111100111111000110111011111100111110000111000001110000
1111100011111111111001111111101111111110111101111101011100010001
1111111111111111111111111110111111000001000000000000000000000000
0110000011100000011111000011110011111111111111111111111101111111
1111100011111100010111000001110000001111000011110011111100000110
1111111101111111001111110011111100111111001100111111000011100000
1111100011010000111101111011111101111111000011110000011100000011
1111111101111000001110001110111111111100111111000000010000000000
0111110000011000011110000111111011111110001001100000011100000000
0000000100000001000011010000111100011111000111110011111101111111
1111000010111100101000001111000011110000111110001111110111111111
1111000011111100111111111111111101011111000000000000000000000000
1110111111101101111111111111011011000011000000110000001100000001
0001111100000111000111110011111100111111001111110001111100001101
1001101011101111100011111111111111110000111100001100000011000000
0011111100011111000111110000111101100111111011110010111100111111
1111100011110111111111001111100011111000111110001111000011010000
1101111101001111110001111111111111111110001111110011111100000111
1111111111111111111111111111111111111111111111000000000000000000
1111110011111100111110001111100011011100111111000011100000010000
0000010111001111111111111110111111111110111000111111110011111110
0000111001111111111111111111111101011111000111100000000000000000
1111011111111111111111111111011000111111000111110000001100000011
0000001000000011000000110011011111111101111110001100100000000000
0000000001111111001111110011111100111111000111110001011100011111
0011111101111111011111111111111011111110111111101000001011000000
0000011100000111001111110001111100001111000011100011111100111111
0000000001001000011110011101111111011111111100101111000011110000
0001111000001110000011110000111100011111000111110000111100011111
0001100001111000111101111111110110000111000001110011111100001000
1011000010100110111101111111111111111110111100101111111100110000
0000111000011011000101110001111100011111000001110000001100000001
1111000011110000111111001111110011111100011110000111110000111111
1111000011110000111111001111100011111000111100001111111111111111
0110000001110100001111101111111011111110111111001111111011111000
0000000000011000000110100111111001111111001101110111011101111111
1011111111111111001111110111111101111111000000110000000000000000
0000000010000110111111111111111111111111011010110011100100000000
1100000011110000111110000011100011111101111111111111111111111111
0000000000000001000000110000011010111111111111111111111111111111
1111110011111011111111111111111011111110111110101011001000110000
0110001100111011001111110001100001111000110110001111100011110000
0010101101111111000111110011111100111111000111100011111000111111
1111110011111100111111001111111111101111111010001100100011111000
0000111100001111001111110010011100100111001111110011111101111111
0001111100111111001111110011111111110111111101110010011100000111
1100000011100000101111001111110011111000111100001111110011111110
0000111100111111001111100111111000111000000010000000000000000000
0000111011111110001111110011111101111111011111110001111100011100
0001111000111111000111110111111101111111011111100001111000010110
1111111111111111000010110001001000011010000111100001100000000000
1111100011111100111110001111000001110000001110000000000000000000
1111100011111100111111001111110000111100000111000000111000011000
1100111111110111111110111100111110011111100010111001111111111111
1110000011110000111111111111111111111111111111111111110001111100
0111111111101111111011011100000011100000011000001110000011100000
0000000000101100011011001111111111001111110001000101110001111100
0111110111001111100001111000111110001111000001000000000000000000
1111111011110011111101111111000011000000011000000110000000100000
0000110000011100001111100001111000011100000101000001110000011100
0001111010011100101110001111111001110110001101000001110000111100
0000000000000000000000001111011011111110111111001111100001111000
1111111111111111111111111111101111111011011111100111000011100000
1000000010001000111110001011110011111110111111111111111111111111
0000000000111000111110001111100011111110001111100111110001001100
1111111111111111111111110000011100101100011111110111111100111111
0111111101111111011111110111111101111111011111110001111100010011
0000000000000000000000000000000011100110111111001111110011111110
1111111110111111100110101011111100111011000011100000000000000000
0000000000000000000011111111011100011111000111111111111111111111
0001011100111111001111110011111101111111111111100111101000111010
1111111111110011011101110111011111001101111010011111111100111100
1111110011111100111111001111110011001100011111111111011111110011
1111111011111110111110001111110010011100100011001000100000000000
0000011100000110000000110000001100000111001111110001111100011110
0001111100011111111111111111111111111111111111100000111100000011
0000001100000111000101110001111100011111000100110001100000000000
1111100011110000111111001111111111111111001111110010011000000110
0011110000000100100001001111110011111100011111000111110001111110
1111100111111111111110111111111101111110111100001110000010000000
0111110011001110110011111111111111111011111110000111000000011100
0000111100001111001111110110111101111111001111110111011100111100
1111100001111100011111100111111100011000000000000000000000000000
0000000000000111001001111111111101110111001111110011100000100000
1000000011100000111000001110000011111000111010001100110010000100
0011110001111100111111111111111101111111111111111100101011111000
0000000000001000001111100011110011110101111011111111100100110001
0001111100001111000000100001101000011010111111111111111111111100
1110000011110000111000001111000011110110111101111111111111111111
1111111111111111101111100111111000111010000010000000000000000000
1111000011110000111100001111000011111000111111101111111011111110
1111111111011111111111100011110000011100000000000000000000000000
0000000010000000111100001111000011111110111111110011111100111111
1110001111100001111111111111111011111100111111001111110011111000
1111110011111000111111001111111011111110111111001111100011110000
0111111101111110000110111111111111111111010111110001100000000000
1111110011111110111111001111110011111100111110001100000010000000
0000111000001110001111110111110000111000000111000001110000110000
0111111111111111011111110111111100111111000111110111100100110000
0000000000011101011101110110110001111000111110011111111111111111
0001110011111110100111101110110011100100001000000010000000100000
0000110000001111000111111111111111000111000000110000001100000110
0011000001110000111000001100000011110000111111001110011111111110
0000000000000100001111000010000100100111001101110011111100011111
0000111100001111111111101110001011011111000011010000000000000000
1111000011111000111100000111101111001111100011111111111111110111
0000110000011100000111100011111011111100111111111111111011111100
1111110011111110111111001111111111111111111111111111000000010000
0011111101111111010111110111111000001110000111100000100000000000
1100110011111000111111101111111011111110011101110000001100001111
0011111100011110000111111111111111000000111100001111101011111110
0111111101111111001111100011111100111111001111110001111100011111
0000000000001101000110111011111111111111111111110010100000000000
1000000010000000110000001111010111111111111111111111111111110000
0111111001111111011111110011111100001111011111110111000000000000
1111111111111110111111101111101011001100000010000000000000000000
0000001100000111000001110000001100000011001000110011110111111111
0011110001111100111111111111111111111111111101111111000011100000
0000110000111111011110111111101111111111111111110011111100111111
0101111101011101011111111111110011111000100100001000000000000000
0000000011110000011100000111000001000000111110001110110011100110
1111010011111100111111001111110011111100111111101111111000111000
0111110001111111111111111110111111111111000011100000110000000100
1111110011111100111111001111110011111100111110001111111011111100
1111111111110111011110100011111100111111011111100111111000110111
0000000000000000001010000011111000011111111111111111111101111111
1111001111111111111111111111111011111111111111100100000000000000
1111000011100000110000001110000011111100111111001111111011011100
0000001100000011000011110000111100000111000001010000111100011111
0001100000111100011101100010011000110111001111110000000000000000
0001111000111110000001100001111000011111001110010011111100001111
0001111100111111000111110001110000011110000011110000011100001111
1111110011111100111001001110111011111111111101111111111110001110
1111111111111111000111110000111100001111001111110010011100111111
0000000000000000110000001100001111111011111111110111101100100111
1111111011111110011111000111111011111110001111100001111000000000
0011111100111111001111110011111100100011001000111110001111100111
1111111101111110111111101111111100101111000001110000001100000111
0011110100111111001111110000010000000110000000110000001100000010
1111100010111100111111001111110011111110111111101111101010011000
0000000011001111110111111111101111100001110000000000000000000000
0000000000000100000001110000111100011111000111110001111100011111
0000000001111100010111101111111000111101000111110000101100001111
0000000000011100000111000000111001111111001111110000011100001100
0000000000000000000001100000011100100111111111111110111100000011
1111111111101111100111111011111111111111110111111100100100000000
0111111101111111011011011111011100110001001100001111100001111000
0011111100111111011110110111111101111111011110111101101111110011
0000110000011110011110100100111011011110110011111100111111001111
1111111111111111111111111001011111110111011101010111100001111100
0111100001111100111111001111111011111100111111001111110001111111
0000011100000111000101111111111111011100111111111111111111111111
1010000011100000111110001001100011111000111110001111100011110000
0000000011100000111000001111000011010000111110001111100011100000
0001111001111111011111110111001100100011000000010000000100000011
1111111011111110111111111111011111111110111111101110000011100000
1110000111000001110011110110100011101000111010001111100011111000
0000011000000110011111111111011111111111111111111111111101111111
0000000000000111001001110111111101111111111111001111111011110000
0000000000000000000000000111000101111001011110111111101111111111
0001111100011111000111110000111100111111001111110011111100111111
1111111111111111111111111111110111111001111100011110000011000000
1101111011111110111110000111100000111000000110000001000000011100
0001111100111111001111110011111111111111000111110011111100111110
0000000000111000001111000001110001111000011111101111011110110100
1110000011100000010000001100000010000100111111000000011000011111
0011111100111111001111111110010100000100000000000000000000000000
1110000011110000111100001110000011100000011000001110000011110000
0011111101111111001111110011111100011111000111110001111100011111
0000000000011100000010000000110000011100000111110001111100011111
0000100000011110000101101000011111111111111111111111111011111000
1111111111111011111110111111111100011110000111000111111000111110
0000101100011111000011110000111000011111000011110011111100111111
0000001000000110000000110000001100000011000111110111111100111111
0000000000000000000000010000001100110011011111111111111111111111
1000000010000000110011101111111011110000110100001111000011111000
0000111100001111000111010001101100011111001111111111111100001111
1110000011110000111000001110000011111000111110001111100001110000
0011000000111110000111110001111101111111011111111111111111111111
0000110000011100001111100001111000110110011001100110000000000000
0000000000000000000000001110011111101111111111110111111100111011
0001000000010000001110000011100000111111001111110000111000001110
0000000011110000111111101111110001111100101111101111111011111110
1110000011000000110000001101000011110000111110001111100011111100
0000011111100011110000111111111010000000111000000111000000111000
0000000010000000111110001111110011111100111111111111111111111111
0000000000111000111010001111111111111111111111111111111111111111
0001111100111111010111110100011101100111011011110010110000111100
0000001100000111011001110110011101100111001111110111111101111000
0011111100111111011111110111111101111111001111110011100100001000
0000011000000111000111110111111100001111000111110001111100000000
0000100000001110010000101101111011111100111111101110000010000000
0001110001111110111111111111111111111111111111111111110111000000
0011111000111111111111111111111011111110111111110100001100000010
1111111100111111101111111111111011110100111100001111100011100000
0111111100111111011011110000011100000001000000010000000000000000
1110011111111111111111011111111101111111000101110001001100110000
1111111111111111111111111111111011000000110000001100000011000000
1111110011111111111101111100111110001110000011100001101100011111
0000110000001110000001100000111100111111001111110010011100001111
1000010011101110111111110011110000110011001111110001100000000000
0001111101111111111011111110110011111100111001001110110011111100
0000000001000000011000000111001111111111111111111111111111111111
0001111100001111000011100000100000001000000110000000111100111101
0000000000011100011111100111111000111110011111101101111111111111
1111000011110000111000001110000001110000011110000011000000100000
0000011100000111001111110111111111111111111111111111111100011111
0000100000011111001111110001111111111111000111000001110000000000
1111111111111111111111111111111111111100111000001110000000000000
0011100000111110111101001011011010111111111111110111011000001110
1111111111111111111110001111000010011000111100001111100111111111
1111100011011000111111101111111111111111000111110000111100001110
1111000011100000111000001111000011110000111100001111000011110000
0110000001100000011000000011000000110010011011100111111001111100
1111111111111111111111111111111111111111000011010000000000000000
0000000000000000100000001000000011111000101110001111111011111100
0111000011111100111111111111111111111011111000100000001000000000
1111000011111000011110000001100000011000001110000011100000111111
0111101111111111111000101101111000011000000100000011000000000000
0010000000110000111110001111000010111100111111001111110011101100
0001111001111110001111110011111100011110000111000001110000000100
1111100011101011111010111111101111111110011111100111110001111000
1111110011111100111111001111110011111100111111001110011011000000
1111111111111111111101110001110100000000000000000000000000000000
0001111111111011101110011011110000001100000010000000000000000000
0110000000111100011111110111011101111111111111111111111111111111
0000000000000000100000001101100011111111111111111111011011110000
0000111000111000101100001101000011110000111000001111000011100000
0000010000000100110001111000001111111110101111101001100000011000
0000111100001111000111110011111001111111111111001111110111111111
1111111111111111111111111111100001111000000000000000000000000000
1100000011110000111100001111110011111000111110001111110011011100
1111111111111111111110111111111111111111011110000001000000000000
0000111100001111000111110000111000001110000111110000111100000000
1000011111011101011110010011111111111111111000010110000000000000
1111000011111100111111001111110000111100001111000011100000111000
1100000011000000111000001111000011010000011000001111110011111100
1100010011111100111111101111111111111111111111110001111100011111
0000000000000000000000110000011100001111000001110011011101111111
0111100011101000111111001111000011100000111000000000000000000000
0111111111111001000010110000111100011100001111000010000000100000
0000011100001111000111110011111100111101000000010000000000000000
0001111100011111011101111100111110011111101111110001111100001101
0001110000011100111111111011111111110111111111111111000111110000
1111100011111100111110000101100001101000111110001111000011111000
1111111111111111111011111111111111011111100110111111000011000000
1100010010111100111111100111011001111110111111001111110011111100
0000000011100100100001001110110011111100111111001111100011111100
0111111100111111110001111111111111101111011101111111100011111000
0011111111111111111111111001111010011111000011110000111100011111
1111111111111111111111111000100110000000100000000000000000000000
1110000011110000111110001101100011111000111111101111111011111100
1111110011111000111111101011011010010100100111001111100000001100
1111111111111111011111000001110000000000000000000000000000000000
1111111111110011111111111111100001110000111100001110000011100000
0000000000000000000000000001110100000111000111110111111101111111
0000000000000000000000000000000101110101011111111111111111111111
0000000000000011000000010000001100001111000011110011111101111111
0000110000001100111111001111110011110000111000001100000011100000
1111111111111111111111111111111111100000111000000110000000100000
1001000011110000111111001100011110000101111101110000011100001111
1111000011111000111111101110001111110101111111111111000001110000
0000000000000000110000000111010001111110011011111110111111111011
1111100011111100111111001111111001111000011111110111111111111111
0111110001111110011111101100000011000000111000001110000011100000
1111110011111110111111111110110011001100000000000000000000000000
0111111000111100001111000011111001111000000110000111001101111111
1111111011111110111111100011111101111001111110110011000000000000
1111110011111100111111001111110011111100111111001111100001111000
0111111101111011001111110111111111111111111011111000111110001110
1110110011111100111001101011011000111111000111110011111100111111
1111111111111111111111101111110011111111111011110000000000000000
1110000011111000011111000011110000111110000111110001101100001111
1111111111111111111111111101001011111000110100000000000000000000
0111111111111111111111110011111110001100100011001011100011110000
0011100011111100111011001101111011101110111001101100000011100000
1111111011111110111111101111111111111111111100001111100011100000
0000000000001100000011111101111011111010110011111100011101000011
1111111011110111111111111111111100000100000001000000000000000000
0000101100011111000111110111101001111110111111111110111111100011
0111111100111111001111110111111101111011000011100000111000000100
0000001100000111110111111111111111111111111111001101110011111100
0000111100000011000001110000011111011111111111111111111111111111
1011111011111100111111101111011111011011000010010000110000000000
0011110011111100111100001111111111111111011001110110011101110011
0110000000110000001111000011110000111000001111000001111000011110
0000110000001111000110111111000011100000111100001111000001010000
0111111001110110110001111100011111111110111111110111101111110011
1111111111111101011111110000001000000110000011100000000000000000
0000000000000000000000000000111100001010011111110101111101001111
1111101111111111111011101110011111100110101011000011110000011100
0001111000011111001111110011111100111111100111111111111100111001
0000000000110000111101101111001111111111111111111111111111111111
0001111100011111000011110001111101111111001111110011111100111111
1110000111100011011111110100111101001111010011110100011100000001
1100001011101110111111100100111001100110001000000111000011110000
1110111111111111011111101111111011110000110000001100000000000000
0011111100011111000111110011111101111111111111101111100011110000
0000000000000000000000000111100011100111111101111111111111111100
1111101111111111011111110001111100000001000000110000011000000111
1111000011110110111101100111111011111100111110001111110011111100
0110000011111000000111100001111001111100011111100011110000111000
1110000011100000111100001110010011111111001111110011111111111111
0000000000000000011000001110010011111101101111111011111111111111
0000011000101100111111001111110001111100111110001000000010000000
0001111001111110111111101111011111100111011001111110001001100010
0000011100000011011101111101111111111111111111001111110000010000
0000000000010000001111000011111111101111111011111101111111010111
1111111011111110011111100011100000010000000000000000000000000000
0011111100111111001111110001111100011111000011110000101100000010
1111011111111111011111100111111000100110000000000000000000000000
1000000011000000110000001100001011111110111111101101110011111000
1000000010000000110000001100111011111111111111111111111111111111
1111111111111111001110110111111100001111011011110010111100111111
0001111100111111011111111111110011111100111110001111100011110000
1000110010100110111111111111000111100000110000000000000000000000
1111100011101100110010001011100011110000111111001111100011111000
0001111100010111000111110001111100000111000000100111111101111110
1111100011111110111110101111101111011111000001110000001100000001
0100000001100000111000001111111110110111001101110001111100011001
1111111111111111111111111111101111110000111100001111000000000000
0111110011111000011111111110011011000110011101110111111100011001
1110000011111110111111101111100011111000111111001111111011111111
0110001111110111011111110111111101111111011111110111111000111100
0000110000101110001111101111111111111111111111111111111100111111
0000111000011111001111110111111101111111011111110111101001111100
1111111111111111111111111111111101111100000000000000000000000000
1100000011111100111111011111111110101111111111111111111100111110
0011111100111111011111111111110011111100101111001111100000010000
0001111100111011001111110011110000011000111110001111111011111110
1111000011111110111000111110000111100000111100001110000011000000
0000000000000010011100100111111111111111111111101111111111111100
1111011111111111111111111111111110111111111111110011100100000000
1111111110111111111111111111111101111111011110000010100000111000
1111111111111111001111110011100100111001000000000000000000000000
1111000011011000111111001111111111110111101100011111000011111000
1011111111111111111111101111111111111001000000000000000000000000
0000000000000011011111110100111111111111000111100011111000111000
1111110011111100011111110111111101111100111110001111000011110000
0001111000011111000111000001110000111100111001001111000011110000
0000000000000011001111110011111111101110111111101111111001111110
0000111100101001011111110111111111111111111110010111111100011110
0011111100111111011111110110111101111111001111101111110011111000
1111111010011110001111110011111000111111000010110000111100000111
1111111111111111111111111111111111010100110000000000000000000000
1111111111111110111111101111111010011100100111101001011011111110
0000000000011100000111110000111100111111110111111111111111111111
1111000011111100111110001111000011100110111111111111101110001111
0100100011011000111100000011000000111111000101110001111000000010
0111100011101100111111101100011111111111111111111111110111110100
0011100000010011001111110011111111110111111011110000111100000001
1111000011111000111100001111000011111000111100001111000011110000
1100000011001000011011100011101000011011010000010111111100111111
0001100000111000001011111111111101001111010001110000000100000001
0000111000001111000011110011111100011111000001110011111101111111
0000111100111111000011110000111100000111000001110000000000000000
0110000001111001011111110111101111111111010101110001111100001111
1111111111110111100111111110010101110111001111110111111101111000
1110000011100000111110000111110101111111001101110011011100000011
0000111000001110000111000001111100001111111111111111111011111111
1111000011110000111100001111000011100000111100001111000011100000
0000001000000111000001110010001100111110001111110000111100001100
1110000011100000111100011111111111111011111110110011001101100000
0000111000011110111101101111101011111110111111001111100011111000
0000000000010000110100001111111111111111111110111111101111110001
0001100000011100000111000011100000111111011111110111111101111111
1111111011111110111111001111111011111110111101101111000011110000
0011111100011111000111110000111100010111001111110011111100111111
0110111101101111110011101111111011110111011101110111011101110111
0000111100001000000010001011111011111111001111110000111000000000
1111111011101110111011101000011010011111101111111111111101111111
0000000000000000000000000111000011111000111111001111111111000111
0000000000000011000001110000011100011111000111110011110100001110
0111111111111111111111111111111100111111000101110000000100000001
0000000000111100001101110000011000000111000000110000111100001111
0111111101111111011111110000111100000111000001110011111100011000
0000000000000000000001000011111100111111001111110110111100001111
0100001001111110111111110001111100011111000111110000111100011111
0000100000001110000001110000011100001111000011110001111100011111
1101111011111110101100101001111000111111001111110000011100000111
1110000011110111111111111111111111111111010111000111100001111000
0111000001111000011110000011110000111100000111000000100000001110
1111111111111111111111111111110011111100100111100000011000000000
0000000000000001000000010011110100110111011101110001111100000110
0111110011111100011110000011110000111110000000000000000000000000
0000011010000110111111111111111111111111111111001111100011111000
0011111101111111011011110001111100011111011111110111111000111100
0011111101111111011111110111111100011111001111100011110000000000
0111111111111111011111110111111000111110000001110000111100011110
1111111111111111111111111110110011111100111100001011000011111000
0011000000111000001110000011110000111100011110000111100011111000
0000010000000100000011000011100000111000111111101111111101110101
1110000011100000101110001001100011111100100011100000011000000110
0011111100111111101111011111110011111000111100001100000000000000
1111110001111110011010110000001100000011000011110000111100001101
0000000000000000111110001011100011111000111110001111111111111111
1111110010111000011111110011110101100000000000000000000000000000
1011111111111111111111111111111011111111000011110000011100000111
0111111000011111000011110000111100011001000110000011000000100000
0110000000111100001111000011111100111111011111110111111011111000
1111000001110000111000001111000011111000111110001111100011111000
0000000000000000101110001110111000011111000011110001111100001111
0111110001111111111111111111111111011111111110110010111000000111
1100000011000100111111001111000011111100111111000111111001101110
1111001111111111111111101111111001111110001111000001100000010000
1111101101111011011111110001111101001000011111100111011000000100
0000000000000000011100000111010000110100011111001111110011111100
1111100011110111011111110110111100111010000000000000000000000000
0000000000000000111110001111110001101110011110100011101100000000
1101111111111111111111111111111111100111111000001010000011110000
0000000000000000000000000100000011010000111111101111111111111111
0000000010000010111111101111111011111011001110110111111011111100
1111110011111100110010001111100011100110111111100111001000011111
1000000011100000011100001111110000100111000011110011100100010000
0100111101101111011111110011111101111111011111110001111100001111
0000110000001110000001100000010000001110000001110001111100011111
0000010000001111011010110111111101111111011100000110000001100000
1111000011010010110101111101111100000011000000110000001100000111
0000000000000000000001000000111010001111100011111111111011111110
0001100000011011000111110000111100000111000011110001111100011111
1111111011111110111110000011100000111000001111000110110000001100
0000001100000011110000011100001111000011100010111111101100011111
0000001100111111011101010111111101111111111111111111111111011111
0111000000011111000011110011111100111111001111110111111101111011
0111111100011111000001110100011101011111111110111111000111100000
0011111100111110001011110110010101000111000001010000010100000111
1111111111111111111110001111100011111000011111001111111000111100
0000000000001100000111000011110001111110110111111111111111111111
0000000000000000100010001101100011110000111110000111111000011110
0000000000110000111110111000111110011100100111000001110000001110
0011110011111110111111101111111111111110011110000000000000000000
0000000011100000111000001111110010111100011111111111111111111111
0000011100101110001111110001111100011111000001110000000000000000
0000111100001111011011110011111100111111000011110000001100000000
1111000010111111111111110111111100111111000101110001111000011000
0000000000000000000000001111010011110100111111101111111011111110
1111000011111100111111111111111100011111000000010000000000000000
0001111100011111000111110010011101111111011111110001111100011100
0011111111011111111111111111111110111100111111100001011100010010
0000000000010000000110000001111100001011000111110011111000010111
1111000011100000110000001111100011111000111110001111000011110000
0000000000000111111111111111111111111111111111110011111100111111
0000000000000000000000001100000011100000111100111111111111111100
1111111111111111111111111111111111100111011101000011110000111100
0000111000011111100100011101111111111111011111110001111000011110
0011111101111111001111110010111100001111000111110000000000000000
0011100111111111111011001111100011101100001101000001010000011111
0000001100100111011111100011110100000111000011010001110000011000
0000000011000001111111111111111111111001111111111111111111111111
0000001100111111001111110111111101111100001111110001011100000111
1110001011111111111111111111111110111111000111110001111100001111
1111111111111111111111111011111100111111001111110000000000000000
1111111111111111111111111111110010110000000000000000000000000000
0000111110111101111011111000111100000001001111110001111100111100
1111111011111111111111110111111100111000001110000011000000000000
0001110000010111001111111011111011111111111111111111111111111100
0011000000100000011110000110100001111100011111000011111001111110
0011000000010000000101100001111000001110000011100001111000111100
0001111000111111001111110000001100111011011111110111111111111000
0001111100011111000111110001111100001111000011110000111100000111
0000011100001110001111110011111011111110111111111111111111111111
0000011100001111000001110011011111111110111111110111101000000000
0000100000001111000111110001111100011111001111110011111100111001
0000111100001111000110110001110100000111000001110000011100000010
1111111111111111111111101111000011010000110000000000000000000000
0001110101111111011101000111011111100111011111110101101100001001
0000011100000011000011100001111000000111000111110000111100000111
0011111100110101000111010001111100001111000111110001011100011100
0000000000000110111101111111111011111111111111111111111111111111
0000000110000001111100011110000111110001111100111111111111101100
0011111100111111001111100001111000011110001111110001111000111110
1111110011111100111111111111100011100000110000001100000000000000
0011111100111111111111011111110111010001111110011111100111111111
1111110011111100101111111000001100000010000000110000111100001111
0010110000111110000111110001111100111001001111110011111101111111
0000000000000011000011110000011100000111000011110000111100001111
0000000000000000111000001100011010111110111111111111111111111111
0000110000001110000011000000011000000110001111110001111100011101
0000000000000000110011111110111111111111101111111111111101111111
1111011111111111001011110011111100000111000011110000111100000011
1111111111111011111000111111100111111001111111001111110011100000
0001111101111111111111111111110000000100000001000000000000000000
1111110011111100111110001111110011110100111101100110000000000000
1110111111111110011111001111111011111110101111111000110111001111
0111111100111101001111110001111100011111001111110011111100111111
0001100000011111011111110111111101110000000000000000000000000000
0000011011111111111110110101001111110011111111111111111101111110
0000000100000111000011110000111100001111000001110000011100011100
1111011111111111111111110111111100000110111011001100010001111110
0111111001110100001000000010000001100000011000000110001100111111
0000000000000000000111100111111001111110011011100111111111011100
1111111111111111111111111110111111111111011111110000000000000000
0011111100011111000111110001111100111111001111110011111100011111
0001000000110000111110111111111110111111111111111111111111111101
0000001100111111111111111110011001100000111000000000000000000000
0000111100011111001100110011011100111111000111110000111100000111
1111110011111100111111001111110011111110111111101111110001110000
0000000000000100000011100001111000011111000110110111100000111100
0000111100011111000011110001111100011100000110000001100000001000
0000000000000000000000000001000000011011001111110111111101111111
0000001000011011000110110011111100011001000111110001111100000010
1111011111100111111011111110111111111110011111000011110011111100
0000111001011110111110111111001111110111011100000111000001110000
1100011111100011011010110111111101011111110111001101110001110000
1000000111100111111111101111011011111111111110110010111100011111
1100000011111100111111111111101111111111111111111101111100001111
0000000000000000000001110111111111111000011110001111000011010000
1011100011111000111111001111100011111000011110001111100011100000
0010111001111011001111110010111100000111001111110000111100000010
0000011101111111011111110111111111111111111100001111100011111000
0011111101111111011111100100110000001100000111000000000000000000
0000011100000011000000110000000100011001100111111111110000001000
0000000001001111111111111111001111100000001000000010000001100000
1111111011111110111111101111111011111000111111001000111000001111
0000111100011111000111110000001100000011000001110000110000001110
0001111100010011011111101110001111101111111111111111111111111110
0111111111111111111111110000111100011101000011110000000000000000
1111111111111111011111110110111001111110010111000111010001100000
0000000101001111010111111111101111100000111000001000000010000000
0000111100001111000111110001111000111100111111100010000000000000
0000001000001111000011110000100111111111011111000001110000001100
0001111100011111000111110011111000111100000110000011100001110000
0000000000000000001010001111100011110000111110001111110000111100
1110000011101110111111101100000011000000110000000110000000000000
1111111111111111001111110001111100010111000000110000011100000111
1111111011111111111111101111111101111000001000000010000011100000
0000110000011111001111110001111111111111011111110111111100111111
1101111111111111111111111111111111111111111011100000110000001000
1111111111111111011111110100000001000000110000001110000011100000
0111111111111111110110110100001101011000010110000111110011111000
0000000000100000001000000010011100111111011111111111111111011111
0000111011101111111011111111111110011111101111111111111101111000
0001111100011011000111110000010100000111000001110000011100000100
0000000000010000000101100011111111101111010011110100000101000000
1111110011111000111110111111111111111111111111001111100011100000
0011000000111000001111000010010001111000111110001100100011100000
1111111111111111111111111111111111111111111111100000100000001100
0000111000111111000111110000001100011111001111110111110001101100
0001000011110000110110001100100011001000111111001111010011110000
1110110011111110101111111011111111111100110011001100010011000000
0011101100111111000011110000011100000110000001100000011000000000
1111000001100000001100000001110000110111000111110000111100011111
0001111111111111111111111111111111111101111100001100000011100000
0001111100011111000111110000111100011111111111110111111100111111
1111111001111110011111110111111011101100111000000000000000000000
1000111111110111111111111111101111010111000011110001101101111111
0000011000001111000111100001110011111110111111101111111111111111
0000011100000111000001111111111111111101000111110011111101111110
0111111101100111011001111110011110000110100001001100011011000000
0000000000000000000000001000011011110110111101101111111111110011
1111000011111000101100001111100011111000111111100011111100111111
0000101100001111000011110000111100011111101111111111101111110000
0000111000101111011111111111111001111111001110110111101100011111
1111110011111100111111000100100001001110111111111111111101111111
0000000000000000000000000000011100100111001111110111101101110111
0000010011001100111111001111110011111111111111111111111111111111
0111110011111100011111101111111111111111111100110011111100010011
0011000001110000111110001111100011111100111011110000011100000000
0000000000110000111110000111000000111000111111001111100011110000
0000000000000000000000001100001011110110111111001111111011111100
1101110011111111000001110000011000000110000001000000110000000100
0110000000100000111000001101100001111000001111000111110001111000
1110101011111110111010001011100011110000000110000001100000000000
0111111100111111111111111111111100111111001110110001111100000110
0000000001000000011100001110010011111100111111101111111111111111
0011111101111111011111110111111111111101001000000000000000000000
0011100000111000001100000011100001111100111100001111100001100000
1111000011111000011111100111111001111110011011101100011010000000
1111111011111110111111111111111101111010000001100000111100011111
0000000000110000001111110011111100111111001111110011110101110000
0000011000111111111001111110000011110000111111001111100011110000
0011000001111000011110001101110011011100111111001111111111111111
0011100000101000011010001110111111111011100010111100101100001111
0000000000000001011000111111111111111111111111111111111101111101
1111000010110000111100001111110011111100110001001100000000000000
0000000000000100000011100000011000011111001111110011111100000111
1111111011111111101111110011111000111111001111110011111100111110
0001111100111111001111110001111100001111000111110001111100111111
1111101111111111111101111111011111111111111001011100000011000000
0011110000011110000101100000110000001100111011101111100000111000
1111111011101110110011001100011111010111101110111111111111111111
0000011100111111011111110001111100011111000111110111111101111111
1111111010111001111111111111011011110110111111101111111011101000
0011111101101111001111110011111100010111000111110001111100111111
0000101100111111011001110001111111111111111111111111111111111110
0000000000000111000011111011111111111111111111111111111111111111
0011000011110100111101111111111111111111111111111110111100000111
0001000100111001001111110111111100011111000011110000011100000111
1111111111111111111111111111110111000101111101111111001001100000
0011111100111111001001010110000101000111010011110100001101100001
0000000011100000111000001110000011111100111111001011100000011000
1100000011110000111100001111111111111101111110111111111001111110
0111000001111000001110000011100000111101011111110111111100011011
1111111101111110011111100100111100000111000001110000111100001111
1111100011111001011111010111111111110111111100110011001100100000
1111111111111111111111110011111111111101000000000000000000000000
1111111111111111111111101111100011000000100000001000000011000000
0010000000110010001111100111111001110010011111101111110011111000
0011111101111110111011101111110011111000111100001100000001000000
1111111111111111111111111111111101111111111111000111100000000000
1111100011111000111110001111100011101100111001000010000000000000
0000000000000010011101110011011100111111101111111111111111111111
0001111100011111011111110111111100100111000111110001111100001111
0000000000000000000000000000000011000110111111111111111111111111
0000000010000000111101001111111010111111111111111011011111110011
0011111000000011000000110000001100000011001011100010110000111100
0111000000111110001111110001111000011111000011110000111000001010
0010000011100000111000111111001111111111111001110110111100001111
0011111100111111001111110001111100001111000011110001111000001100
1110100011111000111000001111001011010110000101000001110000011100
0000000010000000110000001110000011100000111011110110111100111111
0010011101110111011111111110011111111111011111110011111100000111
1111110011111110111111001111110011111100111111001111111011111100
1110110001111100111110001111000001111100000100000000000000000000
0111000001110000011111110100111111101111000111110001111100111111
0001111100111111000111110000111100000111000111110000111100000111
0000000000000000001000000010011011100111111111111001111111011111
0001110100111111111100001111110011111100001111110000101100000000
1111011111101111111110101111101011010000000000000000000000000000
0010000000100000111100000111110000111100000111000111110001101100
0000111100111111001101110001011110011111100110101111101011001111
0001000000111100001011001111111011111110011111110001111100000111
0111100011111110111111111111111111111101000111010000011100011111
1111111011111110111111101101111011000000000000000000000000000000
0000000000100000001110000011111100111111000000110000111100011111
0001111100000111110001111111111111111111011111110111111100011111
0001111100111111111111001111111010110100111111110011111000111110
0000000000000000000000000111000011111110111111111111111111111111
0111111101111111001111110000111100000011000000000000000000000000
0000000000000000000000001000100010011000111111001111111010111110
0000000001100000111011000010110011111100110111001111010011100100
0111110011111110111110001111111011111100111111001110110001110000
1111111111111111001111110001111100011110000111100000111000000000
0000011001111111111111111101011100011110000011101110111100111111
0000111100001011000011110001111100011111000111110000111100000111
1111110011111100110000011110011111111111111110111111100001110000
0000000000011000001011000011111000011110111111101111110011111100
0011111111111111111111111111101110111000011110000011111100111111
0001111100001111000101110011111100111111111110111111100011110000
0000111100111111001111100011100100111111000011110000111100000111
0000000001000100011111000111111111111111111111111111111111101111
0110000011100000011100000111000001111000000111110000111100001111
0000000000000100000001100011110011111111111101101111101111111111
0011111100111111001111110101111011111110111111111110011111100000
0000000000010100001111101111111100011110000011110000011100000111
0000000001000000110000001111110011110111111111111111111101111111
1111000011000000111000001010000011100000101110000011100000001110
0001011100111111001110100010100011100000111100001111000011110000
1110000011100000111011001111111111000111110111111111110011111100
0000111100011111001111110011111100111111011111100001111000001110
0000011100011111001111110001111101111001000110000000000000000000
0111111100111100001111100011110000101000001110000000000000000000
1111111111111111011111110111111100011111000001110000001100000110
0000011100000111000001101111011011110100111111001111000011110000
1111000011111111111001100111111000111100000111110001111100000111
0001100011111111011111111111111101101111000001110000111000001100
0000001100100011001000111110000111101111111111101111100010111000
0001000001111000011101100011111000101111000011110000111100001111
1111111011111110111000001110000011000000110000001100000000000000
1111100011111000111111101111111011111111111111110001000000000000
1110110011111100111011001101111100111111001101000011111100111111
0000000100011101000111110011011100011111000111110001111100000001
0000000010000000111100001111101111111111110011111101111000001100
1111100000111100011101101110101011111111001111110001111100000111
1111111111111111111111111111111111111011110110010001100000000000
0100010011011110111111001111111101111100000000000000000000000000
1000111111111011111111111111000111100001111110011111111111011110
1111111111111111111111001111100011010000010000000100000011000000
0111111001011111111111001111110011111100111111000011111100001111
1111111111100111111001111111111001111110000011100000111000000110
0100000011000000110000001110001011111111000011100000011100000011
1110000011111000111111001111111011111111111101101110000011100000
0001111100011101000011110000111000001011000011110000010100000000
0110000001111100111111001111110111111111110111111101111101111111
1111111111111111010111110001111100000110000000000000000000000000
0000011100011111000001110000011100000111000000110000001100000111
0000000000000000000000110010011101100111011111110111111101111111
1111101111111111111111111011111111111000100100001111100000111000
1111100111111111100101111000011111000000010000000000000000000000
0011100000111000001111000011110000111110001110000111000001100000
1001111111111111111011111110011111100111111111111110011001000000
0000001100011011000011110000111100001111000001110000110100001000
0000000000000000000000110000001101111111001111110001111100011111
1000000011000111111111110101110011101110110011101000000000000000
1111101111001111111111111111111111111101111100011111000110100000
1110110011101111111111111111101100001011000111110000111100000000
1111000011110000011100001110000011000000111000001111000000110000
0000000000000000011011000111111000111110001011100110110000001100
0111100001110000001111000011110000100100100111101111110011111110
1111011011111110110011001111100000011000000000000000000000000000
0001111000000111000001110111011101111110011011100111100011111000
0000000101110011111100111111111111111111111111111111111011011110
0000000000000011000000110000011110000001111010111111111111011101
0001111011011100111111111100010011100000111000000000000000000000
0000001100000111000001110000111100011111000011001111111011111111
1111101111110111111111110111111100011111000011110011101111100000
1111000011110000011111000101110011111100111111000011000000110000
0001100011111000111111001111110001111110001111100011100000111100
1111100011111100001110000010000011100000111100001111000011111000
0000000000011100111111101111110001111001011111110111111100011011
1110000011100110111111111111111011111111111111011001111100111111
1000001111000011111011011100111111111111001111110111111101111101
1111100001111100011100000110000001100100011111100111111101111110
1111111101111111011111110011111100111111000101110011111000110000
0000000100010111000110110001101100011011101111111111111100001111
0000000000000010000001100000001101000111111111111111111111100111
0000000000000000111000001011111000001110000011110011111100111111
0111000011010000110100111111111111111111011111110111111101111111
1111111011111110111111001100110011100000011000000000000000000000
1111111011111111111111111111111111110111011100000000000000000000
0111111101111111001111110011111100110111000001110000010000000100
1111111111111111001111110011111100001111110111111011011111100110
1110111111111110111111001111100011111110111100001111100011111100
0000011110000111111111111111111100111111001111110000001100000011
0000011100000111011000110111111100111100001111100011111000000000
1100000001100000001111000000011000000011000000110011011011111110
1111111111111110111111110111111100111111000111110001111000000010
1011110011111100111111001101110011110000111000001110000000110000
0000000000001110011111110011111100000111000111110001111100011111
0110000001100000101100001110000011111000111011001110110000101110
1111111011111010111111111111111111111011110100000000000000000000
1111111010011111100011110001111100011111001100111110000011100000
0000011000000110101001111111111111111100111100001111000011100000
0110000001111010111111111111111000011100000111000000110000000000
1110000011100000111111101111110011111100111111101111111111111111
0111100001110000011100000110000000100000001111100011111000010000
0010000011110000111100101111011001011111011111110001111100011111
1000000011100000111110001111100011111000100100001110000011100000
0000000011100000111000000011000000111100111111101111011111111111
1100000011110000111111111111111101111111011100110000000000000000
0000111111111111111111111111111111111111111100010111000101000011
0000111100011111000111110001111100011111000001110000001000000000
0001000000111100011111110011001111110011011110100111111000011110
0000111001001111111011110111101011111000111110111111111111001000
1001110010011100101111001111110011111100011111101111100001110000
0001111100011111000111110000111100001111000011110000000100000011
1111100011011000111111001111110011011110110111001111110011111100
0000010000010110011110100111111011110110011111101111111011110000
1111111011111100111111111111111101111111001000100010011000000100
0000011100001111001111110000111100001111000011110000111100000111
0000000000000100000001100001111000111111000111110011111100011111
1111111111111111111111111111111101111110000011100000111000000000
0000001100000011000011110000111101001100111110001100000011000000
1110000011110000111100001111110011111111111111111111111110011111
0011111000100010001100110011000111100001111000111110111111000000
1111100001111111011111110111100111110000111110001110000011000000
1110000011100000111011101110100011111000111111001111110000111100
1111111111111111111111100011100000101100000001100000011000011100
0001100000011000000110001111111011110100111111001111110011111110
1111111111111111111100111110001101000000010000000000000000000000
1100000011000000110000001100000010000000110100001111111011110100
0001111100011111000111110011111100111111001111000111011000111110
0110111001101111111111111001110111011110111111111110000010100000
0000000000000000000111000011110011111110110111001111100011110000
0001100000110000101000111111101111111111111111111111111111111111
0001111100011111101111111111111111111111111000110000000000000000
1111011111111111110001110000011100000111000001110000011100000111
0000000000000000000011001001111010010111111101010111111100011100
0000111100001111000011110000011100110111111100111111111001100000
0001111100001111000000110000011100001101000001110000001100000011
0000000000000011001101100011101011111110111111111111111100011111
0001111100011111001111110011110100111111001111110001111100011110
0111111101111111100111001100110011101000111110001111110011100000
0011111011111111111111111111101111101001111011000100011001110100
1110010111111111111110001111100000001000000000000000000000000000
1111100011110000111100001110000011111000111110001111100011111000
1100111111111111111100011000001110011111111111101111110010111000
1111110011111000001100000011000001111000011110001111111011111110
0000001100010011000111110000011100000011011001111111111001111100
1111100011001000110010001111110111111111111111111111111111111111
1111100011111000111110001111100111111111111011111111111101000011
1011000011111100111111000010000000110100001111000001111000111000
1111111111111110110100101110001010111010111101100001111000000010
0000111100000111001111110011111000011110000111100001110000000000
1001100011110000111110000101100001110000111000001110000000000000
0000000000001111000111110011111100111111111111111111111111111111
0000000000110000111111001111100011111000111110001111100011111000
1111000011110000111110000011011011111111111111111111111111111111
0011111100111111001111110011111100011111000011110001111100000011
0000000000000000000000000011000001111000111111101111111011111111
1001111110111111111111111111111110101111100011010000000000000000
0000101011101111101111111100111111000001100000001100000000000000
0000111100001111000111100011011100111111001110000001000000000000
1111000011111100111111101111011000001110000000100000000000000000
0011100001111111011111111011111011110100111000001110000000000000
0000111100011111000111110001011000000111000001110000001100000001
1111011111111111111111101111111101100001111000111100001011100010
