12
1
3
5
14
1
18
14
12
7
20
2
9
5
4
19
11
3
5
10
7
15
5
13
14
2
13
2
3
9
6
7
10
6
11
3
1
10
1
5
13
11
9
4
16
18
2
4
9
13
19
5
11
14
13
15
15
17
7
5
5
17
18
3
2
14
3
1
3
14
3
11
11
18
11
13
1
11
5
10
18
20
1
20
15
7
10
17
8
8
16
2
9
8
6
8
10
18
12
3
9
11
8
16
1
15
19
7
11
11
4
12
18
15
9
19
4
3
16
18
9
4
14
3
15
16
13
5
20
12
7
17
10
12
18
12
11
8
1
4
16
20
8
8
7
6
16
11
18
2
9
6
12
3
11
19
7
10
16
3
11
16
12
4
11
17
16
2
7
19
1
20
9
13
4
16
12
1
20
14
9
10
11
11
13
6
9
2
18
18
6
16
9
20
17
12
8
5
14
6
9
10
17
4
9
17
1
11
18
18
18
3
12
4
8
7
18
5
10
1
3
12
20
15
14
6
3
7
19
6
20
8
4
9
18
4
14
16
15
3
7
7
18
11
10
3
4
7
4
12
9
12
6
11
6
5
2
8
20
5
10
20
5
15
12
11
1
3
17
15
19
19
8
9
1
15
13
3
20
11
7
19
12
18
18
7
1
1
20
7
15
4
4
11
12
12
4
13
8
4
16
1
19
17
7
13
6
10
12
11
18
18
14
15
20
11
10
6
5
3
6
4
16
19
19
6
2
20
14
4
15
10
9
17
16
17
2
4
18
19
2
5
1
16
20
6
8
7
1
19
8
6
10
20
20
18
19
6
15
7
4
9
20
3
6
13
13
18
2
19
16
13
13
8
5
6
10
17
11
8
1
14
11
20
7
15
16
1
8
19
4
15
3
17
14
20
18
15
11
8
16
13
10
2
3
18
16
19
19
6
3
12
4
6
4
15
15
15
20
11
17
10
14
10
19
11
4
16
7
15
6
12
13
7
20
8
11
6
10
8
3
3
5
5
4
11
15
19
3
19
5
10
6
9
4
10
5
17
19
2
17
11
10
12
2
15
6
6
18
18
2
3
16
1
15
15
15
11
1
14
12
18
6
11
9
15
7
18
10
7
10
19
18
11
14
5
10
20
20
12
19
11
1
16
17
9
2
9
10
14
6
11
3
2
20
10
16
1
10
20
15
2
10
19
5
18
12
13
4
18
1
6
4
9
12
17
7
19
7
15
19
4
3
17
20
16
5
7
18
4
4
12
18
2
20
8
4
9
1
13
15
17
7
19
4
20
11
18
14
5
1
16
6
8
16
5
2
8
3
19
1
3
18
4
2
15
15
9
9
13
8
9
1
8
9
3
6
1
9
16
17
18
5
14
8
11
9
13
11
10
4
5
8
12
14
14
20
19
2
19
20
9
17
11
3
16
7
11
13
13
11
15
18
5
11
10
11
14
11
13
8
11
11
10
11
14
17
14
3
9
6
13
6
11
13
5
13
9
14
11
10
2
5
17
18
18
12
14
12
6
17
16
17
16
1
1
10
15
9
10
7
10
2
19
18
6
7
6
1
7
15
1
12
3
20
1
8
12
20
7
14
2
19
6
15
20
4
17
5
13
10
14
7
1
11
20
19
5
17
5
19
11
10
4
7
7
9
17
14
3
6
1
16
2
1
4
1
1
4
2
11
5
17
1
3
6
13
9
7
6
7
15
5
7
11
16
20
18
12
3
12
16
7
5
7
17
1
2
11
13
11
12
7
8
3
10
15
14
11
10
19
3
19
12
4
12
6
15
17
15
15
8
3
3
13
8
17
20
10
15
13
17
17
13
3
7
9
7
12
11
8
13
6
20
1
9
4
13
18
5
8
16
10
7
18
16
5
9
16
17
7
11
14
18
16
7
15
3
5
3
14
15
20
5
6
11
11
13
13
9
5
14
7
17
7
7
18
16
5
4
9
7
9
7
17
14
16
16
15
12
19
19
2
5
16
13
13
5
10
17
2
9
6
9
14
1
11
12
8
17
13
19
2
18
7
1
3
2
10
3
14
15
13
6
3
12
12
17
7
10
3
9
6
2
14
8
6
20
4
10
9
9
14
19
11
12
16
13
11
17
18
7
5
20
7
9
9
18
4
19
16
2
8
15
8
4
15
10
10
5
1
3
18
1
11
6
13
7
11
11
13
17
15
13
6
11
11
18
19
10
17
7
15
16
3
20
1
11
2
4
8
1
14
20
12
9
11
10
6
1
1
20
14
10
13
9
18
17
15
4
